
Mean Returns: [342.4891897  289.71951195 341.29903345 328.30897834 302.68471993
 355.6963625  327.56657824 331.72843708 417.51378972 382.03054129
 350.94954276 339.38791189 344.8678943  319.25009    378.89448965
 341.05678449 368.55166978 309.61733336 334.0026381  326.38573309
 369.63362474 339.89967334 370.33964565 343.6685132  386.51827923
 403.50036286 358.86443015 303.26361873 364.15907634 347.32189849
 343.55640357 349.34755209 404.33197405 326.54571755 322.163005
 330.79790471 373.75100394 380.69521596 341.00642861 286.54238123
 339.15905608 352.39116755 378.90247571 369.988251   337.10488078
 415.07530196 344.34511411 328.63691798 337.73034812 288.00106457]
Std: [107.88967732 165.81684731  98.95929539 134.67250267 162.11554804
  98.9565994  126.52597397 128.10578381  76.38621429  61.45816081
  93.44817554 123.9582217  117.08200215 134.98676576  62.51611997
 113.79740494  71.05241798 132.89336883 106.31207837 145.91326942
  81.47477505 101.85978551  73.32715434 118.4652962   62.1078966
  70.91063587 102.64468991 154.41474231  76.47895484  98.55725405
 113.02207624 151.4861285   46.24551523 128.46932308 138.24452784
 129.76245347  66.17457876  63.40055427 103.31320231 167.47227653
 122.3213616   92.13024327  65.3211233   71.69687604 119.48128688
  53.56195157 104.36084831 121.89123476 127.79087089 163.46956858]
Mean Returns: 347.3848503384098
Std: 115.79087000214881