Mean Returns: [467.82772971 417.99112192 413.80934695 474.16902546 293.46584414
 355.56580227 465.26133234 396.82491036 440.21359261 362.97436527
 362.12610623 414.37582334 444.00726522 546.4565755  414.15435831
 417.22051521 459.31377277 419.25079948 428.84907696 366.27355017
 409.62868141 508.63117291 478.92058688 389.2157933  440.94910318
 382.95327066 364.1392229  404.91910051 395.74784457 332.34358505
 374.6290589  446.80630029 316.34121083 462.89344186 353.13666298
 445.47736105 464.43428289 463.18115058 438.89301658 425.30750102
 429.47323434 378.85537379 364.89964568 464.46275415 480.96427376
 352.47095408 411.37105433 467.13512605 447.52175474 429.2517277 ]
 Std: [110.24553607  84.10027055  77.74062032 108.91520256  80.34883622
  96.0377308  109.75423943 181.93255294 112.73934249 159.55336538
   6.82644242  99.33781203  71.07960415 197.02752446  94.77524991
  65.22873327  98.69351509  64.46777828  70.02984024  36.50206412
  66.00293996 141.25842037 120.35637341  50.68385941 110.2805532
  98.48119656 149.97288102 135.1353218   76.16724046  56.41329444
  67.61288746  91.4072383  138.14046463 101.96672387 119.90324871
 130.65468733 119.86215136 114.19798928  76.60793374 109.06655374
  78.58714839  27.58355209  14.86301976 105.59599659 109.0527899
 194.17309152  89.06674623 104.56741051  86.62663279  92.30605057]
Mean Returns: 417.7017032235875
Std: 116.85104703701137