
Mean Returns: [437.23147149 450.40222492 417.46063238 432.33964919 435.29431388
 441.73850214 456.97132155 440.79242468 442.38273005 440.83919001
 445.34352635 429.69911127 438.21155773 440.9393416  443.33586537
 384.54694331 450.28001311 436.283718   432.36595923 447.10124422
 440.68070662 442.7914576  439.01639179 435.10876287 445.3978952
 434.53957933 437.88840102 438.80316209 428.54881862 280.85493563
 443.00907286 436.75176591 436.59459442 349.50342409 473.83052507
 441.59091257 449.74412628 432.0891779  460.81044884 245.89548677
 404.93311671 428.71855806 396.47602357 441.28495836 450.09647684
 444.6275914  430.92569083 445.45285835 438.75482067 430.07986943]
Std: [ 42.59317008  21.82430064  48.05970405  50.02811187  44.67141814
  34.6292218   34.67937459  48.92295777  37.07599355  30.70745198
  41.04532326  54.78199506  41.99882885  45.59808903  28.3677642
  94.69392968  44.81792632  44.26284549  53.0634457   34.11869474
  49.39687019  44.35428029  44.16645219  50.47469048  42.36959517
  52.21852561  57.33201726  34.56984815  57.89010758 141.66479638
  39.14024702  52.96587338  49.31099707 141.78844526  19.68233172
  47.76660559  40.03612904  52.34646     29.72740549 164.53382613
  51.24474749  53.74986114  75.17549083  46.27450674  29.66911414
  45.33054923  49.95393523  43.52445647  39.27287285  59.55312298]
Mean Returns: 428.9671870040263
Std: 70.21403759690597